id	total	total_perMB	total_perMB_log
TCGA.D7.5577.01A	114	2.28	0.357934847
TCGA.D7.6818.01A	146	2.92	0.465382851
TCGA.BR.4280.01A	695	13.9	1.1430148
TCGA.D7.8572.01A	155	3.1	0.491361694
TCGA.VQ.A91Z.01A	122	2.44	0.387389826
TCGA.HU.A4HD.01A	157	3.14	0.496929648
TCGA.D7.8573.01A	72	1.44	0.158362492
TCGA.BR.7959.01A	90	1.8	0.255272505
TCGA.CG.5726.01A	1188	23.76	1.375846436
TCGA.BR.6453.01A	158	3.16	0.499687083
TCGA.BR.A4QL.01A	1698	33.96	1.530967682
TCGA.VQ.AA6A.01A	85	1.7	0.230448921
TCGA.HF.7132.01A	1134	22.68	1.35564305
TCGA.BR.A4IV.01A	27	0.54	.0.26760624
TCGA.CG.5718.01A	77	1.54	0.187520721
TCGA.BR.8296.01A	63	1.26	0.100370545
TCGA.BR.8680.01A	5396	107.92	2.033101937
TCGA.VQ.A8P2.01A	6304	126.08	2.1006462
TCGA.CD.8533.01A	100	2	0.301029996
TCGA.RD.A8N2.01A	2	0.04	.1.397940009
TCGA.VQ.A92D.01A	109	2.18	0.338456494
TCGA.HU.A4GT.01A	1252	25.04	1.398634325
TCGA.ZA.A8F6.01A	44	0.88	.0.055517328
TCGA.D7.A74A.01A	125	2.5	0.397940009
TCGA.IN.A7NR.01A	79	1.58	0.198657087
TCGA.HU.A4H2.01A	151	3.02	0.480006943
TCGA.BR.6456.01A	153	3.06	0.485721426
TCGA.CD.8524.01A	141	2.82	0.450249108
TCGA.VQ.A8PO.01A	749	14.98	1.175511813
TCGA.BR.7717.01A	237	4.74	0.675778342
TCGA.CG.4475.01A	48	0.96	.0.017728767
TCGA.HU.A4GP.01A	340	6.8	0.832508913
TCGA.VQ.A94R.01A	257	5.14	0.710963119
TCGA.VQ.A91E.01A	728	14.56	1.163161375
TCGA.HU.A4GD.01A	75	1.5	0.176091259
TCGA.FP.8211.01A	91	1.82	0.260071388
TCGA.D7.A747.01A	97	1.94	0.28780173
TCGA.RD.A8MV.01A	75	1.5	0.176091259
TCGA.BR.4256.01A	946	18.92	1.276921132
TCGA.FP.7735.01A	100	2	0.301029996
TCGA.VQ.A8PK.01A	86	1.72	0.235528447
TCGA.BR.7707.01A	1256	25.12	1.400019635
TCGA.IN.A6RS.01A	84	1.68	0.225309282
TCGA.D7.6519.01A	48	0.96	.0.017728767
TCGA.CG.4440.01A	117	2.34	0.369215857
TCGA.BR.8487.01A	2644	52.88	1.723291446
TCGA.VQ.A94U.01A	134	2.68	0.428134794
TCGA.CG.5717.01A	115	2.3	0.361727836
TCGA.HU.8249.01A	124	2.48	0.394451681
TCGA.BR.8295.01A	41	0.82	.0.086186148
TCGA.BR.7722.01A	40	0.8	.0.096910013
TCGA.HU.A4HB.01A	19	0.38	.0.420216403
TCGA.BR.7958.01A	144	2.88	0.459392488
TCGA.BR.7197.01A	305	6.1	0.785329835
TCGA.VQ.A94P.01A	73	1.46	0.164352856
TCGA.VQ.A8E0.01A	90	1.8	0.255272505
TCGA.VQ.A8PP.01A	1318	26.36	1.420945406
TCGA.BR.8372.01A	1154	23.08	1.363235804
TCGA.VQ.A91Y.01A	38	0.76	.0.119186408
TCGA.IN.A6RL.01A	395	7.9	0.897627091
TCGA.CG.5732.01A	51	1.02	0.008600172
TCGA.RD.A8MW.01A	68	1.36	0.133538908
TCGA.KB.A6F7.01A	93	1.86	0.269512944
TCGA.BR.8382.01A	820	16.4	1.214843848
TCGA.BR.8060.01A	181	3.62	0.558708571
TCGA.HU.A4GF.01A	130	2.6	0.414973348
TCGA.R5.A7ZI.01A	760	15.2	1.181843588
TCGA.BR.8588.01A	101	2.02	0.305351369
TCGA.CD.5801.01A	381	7.62	0.881954971
TCGA.CD.5800.01A	147	2.94	0.46834733
TCGA.VQ.A8PX.01A	543	10.86	1.035829825
TCGA.D7.8578.01A	51	1.02	0.008600172
TCGA.BR.6458.01A	518	10.36	1.015359755
TCGA.VQ.A8PB.01A	732	14.64	1.165541077
TCGA.D7.6822.01A	231	4.62	0.664641976
TCGA.BR.8284.01A	291	5.82	0.764922985
TCGA.BR.8381.01A	100	2	0.301029996
TCGA.BR.4191.01A	193	3.86	0.586587305
TCGA.MX.A666.01A	105	2.1	0.322219295
TCGA.CD.A486.01A	85	1.7	0.230448921
TCGA.BR.8077.01A	107	2.14	0.330413773
TCGA.MX.A663.01A	83	1.66	0.220108088
TCGA.R5.A7O7.01A	104	2.08	0.318063335
TCGA.VQ.A8DZ.01A	74	1.48	0.170261715
TCGA.BR.A44T.01A	14	0.28	.0.552841969
TCGA.HU.A4H6.01A	97	1.94	0.28780173
TCGA.BR.A4CS.01A	139	2.78	0.444044796
TCGA.CG.4438.01A	125	2.5	0.397940009
TCGA.RD.A7BW.01A	57	1.14	0.056904851
TCGA.D7.8570.01A	103	2.06	0.31386722
TCGA.CG.5720.01A	69	1.38	0.139879086
TCGA.D7.8579.01A	98	1.96	0.292256071
TCGA.VQ.AA69.01A	56	1.12	0.049218023
TCGA.IP.7968.01A	194	3.88	0.588831726
TCGA.BR.8371.01A	19	0.38	.0.420216403
TCGA.KB.A93J.01A	135	2.7	0.431363764
TCGA.D7.A4YU.01A	219	4.38	0.641474111
TCGA.BR.6705.01A	82	1.64	0.214843848
TCGA.BR.6803.01A	22	0.44	.0.356547324
TCGA.D7.A6EX.01A	111	2.22	0.346352974
TCGA.HU.A4G9.01A	1440	28.8	1.459392488
TCGA.BR.6564.01A	60	1.2	0.079181246
TCGA.D7.A4YX.01A	72	1.44	0.158362492
TCGA.CG.4441.01A	93	1.86	0.269512944
TCGA.HU.A4GX.01A	2249	44.98	1.653019451
TCGA.BR.8483.01A	108	2.16	0.334453751
TCGA.VQ.A8PC.01A	120	2.4	0.380211242
TCGA.CD.8526.01A	49	0.98	.0.008773924
TCGA.BR.8380.01A	73	1.46	0.164352856
TCGA.VQ.A8PQ.01A	11	0.22	.0.657577319
TCGA.BR.8291.01A	26	0.52	.0.283996656
TCGA.HU.A4GQ.01A	1666	33.32	1.522704993
TCGA.BR.8081.01A	791	15.82	1.199206479
TCGA.HU.A4H4.01A	574	11.48	1.059941888
TCGA.VQ.A91K.01A	1199	23.98	1.379849179
TCGA.R5.A7ZE.01B	150	3	0.477121255
TCGA.BR.8297.01A	201	4.02	0.604226053
TCGA.BR.8687.01A	156	3.12	0.494154594
TCGA.BR.8683.01A	129	2.58	0.411619706
TCGA.F1.A72C.01A	44	0.88	.0.055517328
TCGA.VQ.A8PM.01A	48	0.96	.0.017728767
TCGA.VQ.A925.01A	109	2.18	0.338456494
TCGA.IN.7808.01A	199	3.98	0.599883072
TCGA.HU.A4G8.01A	1354	27.08	1.43264866
TCGA.CD.A48A.01A	207	4.14	0.617000341
TCGA.B7.A5TJ.01A	227	4.54	0.657055853
TCGA.IN.8462.01A	103	2.06	0.31386722
TCGA.BR.A4J4.01A	78	1.56	0.193124598
TCGA.IN.7806.01A	136	2.72	0.434568904
TCGA.VQ.AA6F.01A	50	1	0
TCGA.BR.A4J8.01A	71	1.42	0.152288344
TCGA.BR.6707.01A	62	1.24	0.093421685
TCGA.HU.A4GC.01A	232	4.64	0.666517981
TCGA.BR.8682.01A	57	1.14	0.056904851
TCGA.HU.A4H0.01A	159	3.18	0.50242712
TCGA.BR.8677.01A	58	1.16	0.064457989
TCGA.FP.7998.01A	60	1.2	0.079181246
TCGA.VQ.A8P5.01A	194	3.88	0.588831726
TCGA.CD.8532.01A	32	0.64	.0.193820026
TCGA.VQ.A91A.01A	119	2.38	0.376576957
TCGA.CG.4466.01A	175	3.5	0.544068044
TCGA.BR.8369.01A	189	3.78	0.5774918
TCGA.D7.A4Z0.01A	275	5.5	0.740362689
TCGA.CG.4444.01A	150	3	0.477121255
TCGA.BR.7715.01A	238	4.76	0.677606953
TCGA.BR.8590.01A	115	2.3	0.361727836
TCGA.VQ.A927.01A	49	0.98	.0.008773924
TCGA.D7.A6EV.01A	144	2.88	0.459392488
TCGA.D7.A748.01A	37	0.74	.0.13076828
TCGA.IN.8663.01A	278	5.56	0.745074792
TCGA.CG.4477.01A	129	2.58	0.411619706
TCGA.CG.4460.01A	1743	34.86	1.542327383
TCGA.RD.A8N5.01A	32	0.64	.0.193820026
TCGA.D7.A6EZ.01A	247	4.94	0.693726949
TCGA.IN.A7NT.01A	97	1.94	0.28780173
TCGA.VQ.A8PD.01A	76	1.52	0.181843588
TCGA.VQ.A924.01A	1206	24.12	1.382377303
TCGA.IN.A6RN.01A	94	1.88	0.274157849
TCGA.HU.A4GH.01A	1430	28.6	1.456366033
TCGA.HU.A4H8.01A	1057	21.14	1.325104983
TCGA.FP.A9TM.01A	148	2.96	0.471291711
TCGA.BR.6852.01A	1900	38	1.579783597
TCGA.VQ.A8DU.01A	136	2.72	0.434568904
TCGA.CG.4443.01A	81	1.62	0.209515015
TCGA.BR.4257.01A	972	19.44	1.288696261
TCGA.D7.6815.01A	118	2.36	0.372912003
TCGA.BR.A4J9.01A	39	0.78	.0.107905397
TCGA.BR.7723.01A	142	2.84	0.45331834
TCGA.RD.A8NB.01A	564	11.28	1.0523091
TCGA.D7.6520.01A	53	1.06	0.025305865
TCGA.BR.6452.01A	9779	195.58	2.291324442
TCGA.IN.A6RR.01A	130	2.6	0.414973348
TCGA.VQ.A928.01A	51	1.02	0.008600172
TCGA.BR.A4J7.01A	48	0.96	.0.017728767
TCGA.BR.8059.01A	655	13.1	1.117271296
TCGA.VQ.A8DT.01A	178	3.56	0.551449998
TCGA.VQ.A8P8.01A	93	1.86	0.269512944
TCGA.BR.7901.01A	157	3.14	0.496929648
TCGA.CG.4306.01A	1037	20.74	1.316808752
TCGA.BR.6565.01A	128	2.56	0.408239965
TCGA.BR.7704.01A	661	13.22	1.121231455
TCGA.CG.4436.01A	155	3.1	0.491361694
TCGA.HU.A4G2.01A	41	0.82	.0.086186148
TCGA.VQ.A8PU.01A	104	2.08	0.318063335
TCGA.VQ.A8PJ.01A	130	2.6	0.414973348
TCGA.IN.A6RI.01A	88	1.76	0.245512668
TCGA.IN.A7NU.01A	82	1.64	0.214843848
TCGA.CD.8534.01A	57	1.14	0.056904851
TCGA.VQ.AA68.01A	151	3.02	0.480006943
TCGA.FP.8631.01A	82	1.64	0.214843848
TCGA.D7.A6EY.01A	1279	25.58	1.40790054
TCGA.D7.6526.01A	185	3.7	0.568201724
TCGA.BR.8364.01A	17	0.34	.0.468521083
TCGA.BR.6563.01A	66	1.32	0.120573931
TCGA.BR.8676.01A	77	1.54	0.187520721
TCGA.CG.5721.01A	3685	73.7	1.867467488
TCGA.HF.7133.01A	68	1.36	0.133538908
TCGA.CD.8528.01A	91	1.82	0.260071388
TCGA.HU.8244.01A	106	2.12	0.326335861
TCGA.CD.5813.01A	155	3.1	0.491361694
TCGA.BR.8484.01A	57	1.14	0.056904851
TCGA.BR.6457.01A	214	4.28	0.631443769
TCGA.FP.7916.01A	87	1.74	0.240549248
TCGA.BR.4187.01A	30	0.6	.0.22184875
TCGA.BR.8592.01A	31	0.62	.0.207608311
TCGA.BR.7851.01A	2523	50.46	1.702947246
TCGA.SW.A7EA.01A	560	11.2	1.049218023
TCGA.CD.5803.01A	35	0.7	.0.15490196
TCGA.D7.6525.01A	140	2.8	0.447158031
TCGA.RD.A8N9.01A	101	2.02	0.305351369
TCGA.BR.4279.01A	38	0.76	.0.119186408
TCGA.BR.8080.01A	162	3.24	0.51054501
TCGA.BR.A4PF.01A	101	2.02	0.305351369
TCGA.HU.A4G3.01A	190	3.8	0.579783597
TCGA.CD.8531.01A	229	4.58	0.660865478
TCGA.R5.A7ZF.01A	59	1.18	0.071882007
TCGA.CD.A487.01A	159	3.18	0.50242712
TCGA.BR.8384.01A	44	0.88	.0.055517328
TCGA.VQ.A922.01A	144	2.88	0.459392488
TCGA.B7.A5TI.01A	549	10.98	1.04060234
TCGA.BR.8368.01A	881	17.62	1.246005904
TCGA.VQ.A91N.01A	98	1.96	0.292256071
TCGA.VQ.AA6J.01A	126	2.52	0.401400541
TCGA.CG.5724.01A	94	1.88	0.274157849
TCGA.VQ.A94O.01A	53	1.06	0.025305865
TCGA.BR.8591.01A	1349	26.98	1.431041945
TCGA.VQ.AA64.01A	228	4.56	0.658964843
TCGA.FP.8099.01A	115	2.3	0.361727836
TCGA.F1.A448.01A	536	10.72	1.030194785
TCGA.VQ.A91V.01A	211	4.22	0.625312451
TCGA.RD.A8N0.01A	2	0.04	.1.397940009
TCGA.CD.8525.01A	73	1.46	0.164352856
TCGA.FP.A4BF.01A	93	1.86	0.269512944
TCGA.FP.A8CX.01A	85	1.7	0.230448921
TCGA.RD.A7BS.01A	41	0.82	.0.086186148
TCGA.BR.7716.01A	285	5.7	0.755874856
TCGA.BR.8366.01A	153	3.06	0.485721426
TCGA.VQ.AA6G.01A	118	2.36	0.372912003
TCGA.CG.4465.01A	584	11.68	1.067442843
TCGA.HU.A4H5.01A	247	4.94	0.693726949
TCGA.CG.4437.01A	472	9.44	0.974971994
TCGA.HF.A5NB.01A	1299	25.98	1.414639147
TCGA.BR.8365.01A	21	0.42	.0.37675071
TCGA.CD.8527.01A	208	4.16	0.619093331
TCGA.D7.A6F0.01A	106	2.12	0.326335861
TCGA.BR.7957.01A	94	1.88	0.274157849
TCGA.IN.AB1X.01A	203	4.06	0.608526034
TCGA.BR.8678.01A	103	2.06	0.31386722
TCGA.D7.6528.01A	302	6.04	0.781036939
TCGA.HU.8238.01A	147	2.94	0.46834733
TCGA.BR.8367.01A	55	1.1	0.041392685
TCGA.BR.7196.01A	63	1.26	0.100370545
TCGA.FP.7829.01A	425	8.5	0.929418926
TCGA.B7.A5TN.01A	69	1.38	0.139879086
TCGA.CG.5725.01A	98	1.96	0.292256071
TCGA.CG.4305.01A	1081	21.62	1.33485569
TCGA.BR.6455.01A	72	1.44	0.158362492
TCGA.BR.6802.01A	824	16.48	1.216957207
TCGA.BR.6709.01A	83	1.66	0.220108088
TCGA.B7.A5TK.01A	46	0.92	.0.036212173
TCGA.CD.A4MH.01A	66	1.32	0.120573931
TCGA.CD.A4MG.01A	2169	43.38	1.637289548
TCGA.D7.6522.01A	45	0.9	.0.045757491
TCGA.BR.4201.01A	1343	26.86	1.429106008
TCGA.FP.8210.01A	5	0.1	0.1
TCGA.HU.8604.01A	365	7.3	0.86332286
TCGA.CG.4301.01A	49	0.98	.0.008773924
TCGA.RD.A8N1.01A	97	1.94	0.28780173
TCGA.BR.A44U.01A	78	1.56	0.193124598
TCGA.CG.4469.01A	279	5.58	0.746634199
TCGA.VQ.A8PH.01A	180	3.6	0.556302501
TCGA.D7.8576.01A	45	0.9	.0.045757491
TCGA.VQ.AA6K.01A	75	1.5	0.176091259
TCGA.HU.8602.01A	2941	58.82	1.76952502
TCGA.BR.8485.01A	274	5.48	0.738780558
TCGA.VQ.A8E7.01B	88	1.76	0.245512668
TCGA.HU.A4GJ.01A	3	0.06	.1.22184875
TCGA.BR.8686.01A	97	1.94	0.28780173
TCGA.BR.8589.01A	999	19.98	1.300595484
TCGA.RD.A8N6.01A	140	2.8	0.447158031
TCGA.D7.6524.01A	87	1.74	0.240549248
TCGA.CG.5722.01A	75	1.5	0.176091259
TCGA.VQ.A8PE.01A	115	2.3	0.361727836
TCGA.CD.8535.01A	234	4.68	0.670245853
TCGA.VQ.A91X.01A	191	3.82	0.582063363
TCGA.BR.A4J5.01A	82	1.64	0.214843848
TCGA.ZQ.A9CR.01A	99	1.98	0.29666519
TCGA.D7.6527.01A	196	3.92	0.593286067
TCGA.BR.8289.01A	191	3.82	0.582063363
TCGA.CG.5734.01A	75	1.5	0.176091259
TCGA.R5.A805.01A	117	2.34	0.369215857
TCGA.3M.AB46.01A	167	3.34	0.523746467
TCGA.BR.4253.01A	93	1.86	0.269512944
TCGA.BR.8058.01A	46	0.92	.0.036212173
TCGA.VQ.A8P3.01A	261	5.22	0.717670503
TCGA.HU.A4H3.01A	824	16.48	1.216957207
TCGA.BR.4267.01A	77	1.54	0.187520721
TCGA.VQ.A8E2.01A	112	2.24	0.350248018
TCGA.MX.A5UG.01A	40	0.8	.0.096910013
TCGA.IN.A6RJ.01A	111	2.22	0.346352974
TCGA.CG.5723.01A	1601	32.02	1.505421328
TCGA.VQ.AA6D.01A	698	13.96	1.144885418
TCGA.F1.6874.01A	847	16.94	1.228913406
TCGA.VQ.A8PF.01A	105	2.1	0.322219295
TCGA.BR.8361.01A	1415	28.3	1.451786436
TCGA.BR.8690.01A	135	2.7	0.431363764
TCGA.HJ.7597.01A	692	13.84	1.14113609
TCGA.MX.A5UJ.01A	1280	25.6	1.408239965
TCGA.VQ.A91Q.01A	95	1.9	0.278753601
TCGA.D7.5578.01A	192	3.84	0.584331224
TCGA.SW.A7EB.01A	129	2.58	0.411619706
TCGA.HU.A4GU.01A	1301	26.02	1.415307292
TCGA.D7.6521.01A	71	1.42	0.152288344
TCGA.IN.AB1V.01A	48	0.96	.0.017728767
TCGA.HF.7134.01A	255	5.1	0.707570176
TCGA.CD.A48C.01A	189	3.78	0.5774918
TCGA.HU.8610.01A	104	2.08	0.318063335
TCGA.BR.8373.01A	73	1.46	0.164352856
TCGA.EQ.8122.01A	162	3.24	0.51054501
TCGA.B7.5818.01A	335	6.7	0.826074803
TCGA.D7.A6F2.01A	65	1.3	0.113943352
TCGA.RD.A7C1.01A	252	5.04	0.702430536
TCGA.CD.5799.01A	35	0.7	.0.15490196
TCGA.VQ.A91S.01A	230	4.6	0.662757832
TCGA.HU.A4GY.01A	112	2.24	0.350248018
TCGA.HU.8608.01A	163	3.26	0.5132176
TCGA.CD.A489.01A	64	1.28	0.10720997
TCGA.BR.6566.01A	1645	32.9	1.517195898
TCGA.BR.A4J6.01A	28	0.56	.0.251811973
TCGA.BR.8286.01A	107	2.14	0.330413773
TCGA.CD.8529.01A	362	7.24	0.859738566
