StromalScore	ImmuneScore	ESTIMATEScore	sample
122.056947499932	2063.20186696052	2185.25881446045	TCGA.D7.5577.01A
1165.04289301997	1518.8642745577	2683.90716757767	TCGA.D7.6818.01A
-400.152146595275	1214.20612246524	814.053975869967	TCGA.BR.4280.01A
916.391613627262	1225.56194484686	2141.95355847412	TCGA.D7.8572.01A
-1681.57465714367	-742.585505732606	-2424.16016287627	TCGA.VQ.A91Z.01A
-267.790114727892	144.798874286207	-122.991240441684	TCGA.HU.A4HD.01A
-918.458106811586	332.126552781812	-586.331554029774	TCGA.D7.8573.01A
1121.72974049977	756.602596119788	1878.33233661956	TCGA.BR.7959.01A
-1157.40588309386	94.2823944109196	-1063.12348868294	TCGA.CG.5726.01A
966.003789595254	2634.37005745466	3600.37384704991	TCGA.BR.6453.01A
-758.19808855264	554.733264161241	-203.464824391398	TCGA.BR.A4QL.01A
-1033.41458582797	-31.4418023745288	-1064.8563882025	TCGA.VQ.AA6A.01A
372.642895620418	1860.4818528991	2233.12474851952	TCGA.HF.7132.01A
1472.97894411671	801.177361407289	2274.156305524	TCGA.BR.A4IV.01A
5.20096373648522	1461.56471224984	1466.76567598633	TCGA.CG.5718.01A
144.323285215936	1875.51163155912	2019.83491677506	TCGA.BR.8296.01A
921.631403904353	108.526943441365	1030.15834734572	TCGA.HU.A4GY.11A
-1035.70848609078	-652.514583244222	-1688.22306933501	TCGA.BR.8680.01A
-1131.55144695502	-286.438695524919	-1417.99014247994	TCGA.VQ.A8P2.01A
-469.886794140812	-662.358095974089	-1132.2448901149	TCGA.CD.8533.01A
24.1991802539489	378.847777834567	403.046958088516	TCGA.IP.7968.11A
976.144158738235	1053.42530198747	2029.5694607257	TCGA.RD.A8N2.01A
-588.941941647464	-340.006392230875	-928.948333878339	TCGA.VQ.A92D.01A
-194.056282129333	2034.35748935131	1840.30120722198	TCGA.CG.5721.11A
-670.698414157486	500.331935222584	-170.366478934902	TCGA.HU.A4GT.01A
816.502504984144	1373.64285298655	2190.14535797069	TCGA.ZA.A8F6.01A
-1162.56948254141	598.120410415434	-564.449072125981	TCGA.D7.A74A.01A
-399.762523289164	1052.82680341888	653.064280129714	TCGA.IN.A7NR.01A
-460.846249822556	883.320469611923	422.474219789368	TCGA.HU.A4H2.01A
1115.38569310801	1194.23887335332	2309.62456646133	TCGA.BR.6456.01A
560.355400582308	928.977431848218	1489.33283243053	TCGA.CD.8524.01A
5.37646512515584	1545.67320349618	1551.04966862134	TCGA.VQ.A8PO.01A
197.125139840222	637.484298164982	834.609438005204	TCGA.BR.7717.01A
906.071792634249	701.949643875519	1608.02143650977	TCGA.CG.4475.01A
-547.23038351865	352.758963627532	-194.471419891118	TCGA.HU.A4GP.01A
504.16065651884	729.706565910778	1233.86722242962	TCGA.VQ.A94R.01A
-1231.28175785342	972.576099642846	-258.705658210576	TCGA.VQ.A91E.01A
-1573.13251376464	-87.6822338942785	-1660.81474765892	TCGA.HU.A4GD.01A
-828.974863726709	909.02797321041	80.0531094837014	TCGA.FP.8211.01A
873.147577343819	1653.89131604017	2527.03889338399	TCGA.D7.A747.01A
116.277991964589	2301.93187336749	2418.20986533208	TCGA.RD.A8MV.01A
1667.0420407781	2467.76660107688	4134.80864185497	TCGA.BR.4256.01A
-11.4696557537697	1205.94672180463	1194.47706605086	TCGA.FP.7735.01A
-360.752770286839	445.403821516861	84.6510512300216	TCGA.VQ.A8PK.01A
-160.020320228097	989.855204738404	829.834884510307	TCGA.BR.7707.01A
-492.512780131409	1259.68143244988	767.168652318468	TCGA.IN.A6RS.01A
-413.777686903212	415.609131269291	1.83144436607944	TCGA.D7.6519.01A
-671.327435196699	642.154946886707	-29.1724883099918	TCGA.CG.4440.01A
-204.506598592337	1073.0769730759	868.570374483565	TCGA.BR.8487.01A
269.356146419228	51.4980103179288	320.854156737156	TCGA.VQ.A94U.01A
-106.989775951089	1448.20378529923	1341.21400934814	TCGA.CG.5717.01A
-668.423327173926	876.263659453149	207.840332279223	TCGA.HU.8249.01A
-1180.7868114552	-1035.38520696659	-2216.17201842179	TCGA.BR.8295.01A
100.460074661609	879.030481474113	979.490556135722	TCGA.BR.7722.01A
-195.872383292196	2391.83880478371	2195.96642149151	TCGA.HU.A4HB.01A
770.166491997056	2453.14368439787	3223.31017639493	TCGA.BR.7958.01A
-109.041390306313	1361.4655660569	1252.42417575059	TCGA.CG.5730.11A
-318.879795379372	-252.985161403847	-571.864956783219	TCGA.BR.7197.01A
1270.15254205532	1314.80957104608	2584.9621131014	TCGA.VQ.A94P.01A
-792.987560923232	762.531359092331	-30.4562018309009	TCGA.VQ.A8E0.01A
-23.1107070764777	869.168025750274	846.057318673796	TCGA.VQ.A8PP.01A
18.4809470987722	1824.77410158814	1843.25504868691	TCGA.BR.8372.01A
951.670626820443	1661.75870399707	2613.42933081751	TCGA.VQ.A91Y.01A
-599.524478478562	545.624361569523	-53.9001169090394	TCGA.IN.A6RL.01A
-659.634085878369	1683.5511761373	1023.91709025893	TCGA.CG.5732.01A
987.568881730556	1951.94180115502	2939.51068288557	TCGA.RD.A8MW.01A
-657.917622782193	1428.91546449333	770.997841711139	TCGA.KB.A6F7.01A
529.899990547436	1439.09985114335	1968.99984169079	TCGA.BR.8382.01A
862.050073268719	1236.80238659815	2098.85245986687	TCGA.BR.8060.01A
-689.437224755929	711.448578847019	22.0113540910895	TCGA.HU.A4GF.01A
-131.388230667856	2166.71043303794	2035.32220237009	TCGA.R5.A7ZI.01A
919.218747239475	1825.31101851374	2744.52976575321	TCGA.BR.8588.01A
155.669505996863	2141.27393045605	2296.94343645291	TCGA.CD.5801.01A
-636.717697415213	352.142824172076	-284.574873243137	TCGA.CD.5800.01A
-1362.65036691039	660.221129269582	-702.429237640804	TCGA.VQ.A8PX.01A
883.365503976335	850.279231413304	1733.64473538964	TCGA.D7.8578.01A
875.197975340122	1726.77001927676	2601.96799461688	TCGA.BR.6458.01A
-220.438444685666	413.758482537275	193.320037851609	TCGA.VQ.A8PB.01A
-458.750363022946	414.028361473002	-44.7220015499444	TCGA.D7.6822.01A
1002.0218018727	1981.06262458998	2983.08442646268	TCGA.BR.8284.01A
969.350736782996	2276.96263000306	3246.31336678605	TCGA.BR.8381.01A
1033.22471298757	2294.66725379386	3327.89196678143	TCGA.BR.4191.01A
-863.129618383802	520.104251650287	-343.025366733514	TCGA.MX.A666.01A
143.58310847758	819.23788952375	962.82099800133	TCGA.CD.A486.01A
152.452965161447	1600.46960021091	1752.92256537235	TCGA.BR.8077.01A
1013.84432503283	440.423604196244	1454.26792922907	TCGA.MX.A663.01A
-61.8413588823285	992.500926876437	930.659567994109	TCGA.R5.A7O7.01A
-436.823161191496	384.566568388232	-52.2565928032642	TCGA.VQ.A8DZ.01A
830.043008313899	2744.9078165587	3574.9508248726	TCGA.BR.A44T.01A
-74.0859940591217	1369.12009404049	1295.03409998137	TCGA.HU.A4H6.01A
232.071285353512	836.742787619224	1068.81407297274	TCGA.BR.A4CS.01A
102.092340828	1645.9927754861	1748.0851163141	TCGA.CG.4438.01A
1578.47719516045	2132.64286662554	3711.12006178599	TCGA.RD.A7BW.01A
836.203249171359	2627.79334378636	3463.99659295772	TCGA.D7.8570.01A
486.600206544687	1666.13862576862	2152.7388323133	TCGA.CG.5720.01A
1019.34477253482	1396.10732560952	2415.45209814435	TCGA.D7.8579.01A
-962.615303430232	641.858496521961	-320.756806908271	TCGA.VQ.AA69.01A
409.037053080566	869.979573503404	1279.01662658397	TCGA.IP.7968.01A
601.780975259024	1345.24764909334	1947.02862435236	TCGA.BR.8371.01A
-194.142169821164	1610.01235352051	1415.87018369935	TCGA.KB.A93J.01A
515.699324057923	2103.52950701774	2619.22883107566	TCGA.D7.A4YU.01A
1577.97261382752	1183.01440810736	2760.98702193487	TCGA.BR.6705.01A
1151.76984926436	1569.03704893464	2720.806898199	TCGA.BR.6803.01A
-531.101219682769	-222.646664623052	-753.747884305821	TCGA.D7.A6EX.01A
-1678.58458554025	-372.460104897783	-2051.04469043804	TCGA.HU.A4G9.01A
1249.73379505547	1364.49908072593	2614.2328757814	TCGA.BR.6564.01A
-386.039692511482	1387.24315384527	1001.20346133379	TCGA.D7.A4YX.01A
522.403358870258	1056.74070955813	1579.14406842838	TCGA.CG.4441.01A
-495.958859909989	1569.3100245634	1073.35116465341	TCGA.HU.A4GX.01A
982.157443911835	4.02347305864167	986.180916970477	TCGA.FP.7829.11A
-647.025729449175	-324.857161036063	-971.882890485238	TCGA.BR.8483.01A
213.580190281443	1493.83542610251	1707.41561638396	TCGA.VQ.A8PC.01A
101.350264241548	807.219170823475	908.569435065023	TCGA.CD.8526.01A
916.359404764457	662.435155216069	1578.79455998053	TCGA.BR.8380.01A
788.343895991626	2864.45935362085	3652.80324961248	TCGA.VQ.A8PQ.01A
1669.10755376867	1816.99401229634	3486.10156606501	TCGA.BR.8291.01A
218.989526866863	829.609334817154	1048.59886168402	TCGA.HU.A4GQ.01A
-758.282857994742	-484.641954248193	-1242.92481224293	TCGA.IN.AB1X.11A
1037.55646721812	2256.57129452794	3294.12776174606	TCGA.BR.8081.01A
-171.824058845566	1676.18804177396	1504.36398292839	TCGA.HU.A4H4.01A
12.3250533073324	1136.4955008421	1148.82055414943	TCGA.VQ.A91K.01A
-1309.23515719625	-454.672037327486	-1763.90719452374	TCGA.R5.A7ZE.01B
613.495428070963	674.88906312252	1288.38449119348	TCGA.BR.8297.01A
-96.3333307440937	179.630726081382	83.2973953372885	TCGA.BR.8687.01A
583.824120458295	764.699170116359	1348.52329057465	TCGA.BR.8683.01A
421.74925457609	1154.97590381823	1576.72515839432	TCGA.F1.A72C.01A
845.438447593088	1236.22858861975	2081.66703621284	TCGA.BR.7704.11A
270.685664744284	1623.92341412177	1894.60907886605	TCGA.VQ.A8PM.01A
-236.236646884659	1603.28112485723	1367.04447797257	TCGA.BR.7703.11A
-878.850593655177	145.06270643531	-733.787887219867	TCGA.VQ.A925.01A
-4.2245529957503	2847.28451610547	2843.05996310972	TCGA.IN.7808.01A
-381.563547117085	1078.21111654026	696.64756942317	TCGA.HU.A4G8.01A
-381.795973490637	642.13827515307	260.342301662433	TCGA.CD.A48A.01A
-451.450071868411	137.916905501466	-313.533166366944	TCGA.B7.A5TJ.01A
117.469392055129	714.051377176624	831.520769231753	TCGA.IN.8462.01A
143.689479873169	1057.86678774514	1201.55626761831	TCGA.BR.A4J4.01A
-779.449689524508	109.415200574975	-670.034488949534	TCGA.IN.7806.01A
-546.553141606832	1068.55837990931	522.005238302483	TCGA.VQ.AA6F.01A
486.70893249762	602.955719441433	1089.66465193905	TCGA.BR.A4J8.01A
153.04160594839	1844.61109880578	1997.65270475417	TCGA.BR.6707.01A
-120.90509636298	572.441972303287	451.536875940307	TCGA.HU.A4GC.01A
871.544333232032	1108.38660949986	1979.9309427319	TCGA.BR.8682.01A
-601.575445235272	1559.29204658965	957.716601354381	TCGA.HU.A4H0.01A
1138.45019543954	1648.48526550756	2786.9354609471	TCGA.BR.8677.01A
1275.64750986974	2818.83132618387	4094.47883605361	TCGA.FP.7998.01A
136.553811379832	746.10425126582	882.658062645651	TCGA.VQ.A8P5.01A
426.114610995545	1954.94344902321	2381.05806001875	TCGA.CD.8532.01A
1192.69915736651	1052.50144812432	2245.20060549083	TCGA.VQ.A91A.01A
-985.200429207592	46.1043362899804	-939.096092917612	TCGA.CG.4466.01A
80.0092681288364	162.718317893748	242.727586022584	TCGA.BR.8369.01A
525.422947303274	2859.6150005412	3385.03794784447	TCGA.BR.7717.11A
572.126533016303	1657.05210179416	2229.17863481046	TCGA.D7.A4Z0.01A
543.017931729228	1360.0633892316	1903.08132096083	TCGA.CG.4444.01A
327.160076591347	67.1126327544273	394.272709345774	TCGA.BR.7715.01A
1159.53707180179	1590.60396065156	2750.14103245335	TCGA.BR.8590.01A
-215.593728672551	720.722331050276	505.128602377725	TCGA.VQ.A927.01A
-976.814184539	12.2971972915097	-964.51698724749	TCGA.D7.A6EV.01A
1746.498123235	2212.46688203574	3958.96500527074	TCGA.D7.A748.01A
-812.402628529739	-104.653602486061	-917.0562310158	TCGA.IN.8663.01A
523.257226809547	2023.58569398111	2546.84292079066	TCGA.CG.4477.01A
127.216468602262	1602.63505889769	1729.85152749995	TCGA.BR.7716.11A
-1241.66707016433	-220.162245287025	-1461.82931545135	TCGA.IN.7806.11A
-353.626321246677	525.82917873968	172.202857493003	TCGA.CG.4460.01A
1383.12503150597	1659.35568378102	3042.48071528698	TCGA.RD.A8N5.01A
292.623646679902	1782.67468705481	2075.29833373471	TCGA.D7.A6EZ.01A
-282.168854642242	200.606840359297	-81.5620142829457	TCGA.IN.A7NT.01A
534.828446590692	2231.16363046316	2765.99207705385	TCGA.VQ.A8PD.01A
-112.048574592886	1010.4218745806	898.373299987716	TCGA.VQ.A924.01A
-1003.71098558477	201.674088692617	-802.036896892152	TCGA.IN.A6RN.01A
-1650.51727842104	425.633512832139	-1224.8837655889	TCGA.HU.A4GH.01A
-1279.10205933934	219.699789665242	-1059.4022696741	TCGA.HU.A4H8.01A
-958.239745306727	1499.54201020021	541.30226489348	TCGA.FP.A9TM.01A
738.447779733391	2332.83392676332	3071.28170649671	TCGA.BR.6852.01A
-251.231075341148	418.253932516242	167.022857175094	TCGA.VQ.A8DU.01A
-253.468621581789	-224.722096731681	-478.19071831347	TCGA.CG.4443.01A
858.359468307575	1687.15707064084	2545.51653894842	TCGA.BR.4257.01A
62.9416362440971	447.404408241476	510.346044485573	TCGA.D7.6815.01A
784.604044850602	970.247971619178	1754.85201646978	TCGA.BR.A4J9.01A
71.5539370859698	885.331230914553	956.885168000523	TCGA.BR.7723.01A
495.726952773663	1680.39204971561	2176.11900248927	TCGA.RD.A8NB.01A
434.691140996329	615.685242704085	1050.37638370041	TCGA.D7.6520.01A
171.601930279925	1256.13023876472	1427.73216904465	TCGA.BR.6452.01A
-804.728701843569	456.981218052383	-347.747483791186	TCGA.IN.A6RR.01A
213.022567446484	278.548181957034	491.570749403518	TCGA.VQ.A928.01A
1169.46931890518	1985.46939531799	3154.93871422317	TCGA.BR.A4J7.01A
688.914775597158	273.304250601898	962.219026199056	TCGA.BR.8059.01A
-1154.87168308093	227.285775029174	-927.585908051754	TCGA.VQ.A8DT.01A
157.813611058443	1163.2522721549	1321.06588321334	TCGA.VQ.A8P8.01A
934.885580388177	1259.22643872615	2194.11201911433	TCGA.BR.7901.01A
500.555798955838	1447.42543358148	1947.98123253732	TCGA.CG.4306.01A
542.264119558218	1475.965954125	2018.23007368322	TCGA.BR.6565.01A
162.43602216037	2076.57117013519	2239.00719229556	TCGA.BR.7704.01A
-609.207551717339	1161.5470813316	552.339529614257	TCGA.CG.4436.01A
-71.6443916528504	981.941050748764	910.296659095914	TCGA.HU.A4G2.01A
-22.8872079955582	1393.20191398184	1370.31470598628	TCGA.CG.5734.11A
-1070.47148746949	-52.7694410438982	-1123.24092851339	TCGA.VQ.A8PU.01A
-1065.69575726768	-84.3966234619498	-1150.09238072963	TCGA.VQ.A8PJ.01A
-1318.28069157532	-53.5436419799086	-1371.82433355523	TCGA.IN.A6RI.01A
192.969374537144	1328.52445893014	1521.49383346728	TCGA.IN.A7NU.01A
10.6560659857066	935.422122928578	946.078188914285	TCGA.CD.8534.01A
-942.293596982105	737.96824226417	-204.325354717935	TCGA.VQ.AA68.01A
-152.915777049034	78.0721544329919	-74.8436226160425	TCGA.FP.8631.01A
319.773476360399	2039.59095120578	2359.36442756618	TCGA.D7.A6EY.01A
-589.654496946009	163.23953954129	-426.414957404719	TCGA.D7.6526.01A
1587.26242944461	1521.41829840709	3108.6807278517	TCGA.BR.8364.01A
1525.37773477992	2398.78290590012	3924.16064068005	TCGA.BR.6563.01A
-836.833784486769	781.920190826451	-54.9135936603179	TCGA.HU.8238.11A
96.8677153905061	2657.92590706482	2754.79362245532	TCGA.CG.5728.11A
-489.849831168056	1550.85335810016	1061.0035269321	TCGA.BR.8676.01A
499.565526595	2587.54916727917	3087.11469387417	TCGA.CG.5721.01A
294.500312165158	1602.70144729985	1897.20175946501	TCGA.HF.7133.01A
-33.7366524474602	1501.11816960142	1467.38151715396	TCGA.BR.6802.11A
964.960648969447	137.845916992696	1102.80656596214	TCGA.HU.A4HB.11A
141.556886654558	1783.84948458588	1925.40637124044	TCGA.BR.6457.11A
-8.44830097291548	520.404475706933	511.956174734018	TCGA.CD.8528.01A
-1743.41138750948	-46.9095595276786	-1790.32094703716	TCGA.HU.8244.01A
-262.230825108311	1159.86375057893	897.63292547062	TCGA.BR.7851.11A
1709.46202662565	2352.76671907397	4062.22874569962	TCGA.CD.5813.01A
549.513608045465	1837.44213938558	2386.95574743104	TCGA.BR.8484.01A
1463.66445433348	1562.35272882487	3026.01718315835	TCGA.BR.6457.01A
962.101430826351	2263.66638474303	3225.76781556939	TCGA.FP.7916.01A
2044.28923969625	2151.23340939907	4195.52264909531	TCGA.BR.4187.01A
1281.72739408578	1467.87969759644	2749.60709168223	TCGA.BR.8592.01A
327.206103470133	1024.24602215072	1351.45212562085	TCGA.BR.7851.01A
-150.47637527882	879.467139815189	728.990764536369	TCGA.SW.A7EA.01A
1601.46242746255	2543.31371843013	4144.77614589268	TCGA.CD.5803.01A
246.5131114336	723.074376790223	969.587488223823	TCGA.D7.6525.01A
1342.58634293874	1530.52016875437	2873.10651169312	TCGA.RD.A8N9.01A
2015.71753233598	2116.24606448747	4131.96359682345	TCGA.BR.4279.01A
1403.64339234519	1761.11677962433	3164.76017196952	TCGA.BR.8080.01A
-160.416695778754	1520.57656921306	1360.1598734343	TCGA.BR.A4PF.01A
-491.20927418161	428.786883594625	-62.4223905869844	TCGA.HU.A4G3.01A
363.288563163652	2154.99781138788	2518.28637455153	TCGA.CD.8531.01A
-1248.23250954482	-170.678480311124	-1418.91098985594	TCGA.R5.A7ZF.01A
199.506053489431	435.774031467872	635.280084957303	TCGA.CD.A487.01A
1405.791172178	1452.26430494461	2858.05547712261	TCGA.BR.8384.01A
305.499871266628	-143.909239068601	161.590632198027	TCGA.VQ.A922.01A
420.262968794561	682.975194639312	1103.23816343387	TCGA.B7.A5TI.01A
-865.690893399752	665.973920147971	-199.716973251781	TCGA.BR.8368.01A
742.146065719614	199.663467991931	941.809533711545	TCGA.FP.7735.11A
-991.041242916428	101.563045766399	-889.478197150029	TCGA.VQ.A91N.01A
57.3798899862016	1738.87494434808	1796.25483433428	TCGA.VQ.AA6J.01A
95.3032272359507	1067.31619340315	1162.6194206391	TCGA.CG.5724.01A
-598.49801112319	439.111886352043	-159.386124771147	TCGA.VQ.A94O.01A
114.875029463389	1122.41056902196	1237.28559848535	TCGA.BR.8591.01A
610.507956836982	1309.75953271216	1920.26748954914	TCGA.BR.8060.11A
330.332768212355	184.232835059513	514.565603271868	TCGA.VQ.AA64.01A
-0.287099502306443	614.128122393726	613.841022891419	TCGA.FP.8099.01A
725.466056063472	1783.82993599161	2509.29599205508	TCGA.F1.A448.01A
-1298.45262004726	-49.2977395046287	-1347.75035955189	TCGA.VQ.A91V.01A
919.334933038307	2520.68348571891	3440.01841875722	TCGA.RD.A8N0.01A
240.811281731975	1456.05193245261	1696.86321418458	TCGA.CD.8525.01A
1231.69835670054	2483.84955875406	3715.5479154546	TCGA.FP.A4BF.01A
-546.3287899984	-129.418873779794	-675.747663778194	TCGA.IN.AB1V.11A
-715.685586294604	868.940520464147	153.254934169543	TCGA.FP.A8CX.01A
272.46171984153	1451.14275767659	1723.60447751812	TCGA.RD.A7BS.01A
326.300507068733	1795.68004297242	2121.98055004116	TCGA.BR.7716.01A
1153.0312403935	2538.17676074595	3691.20800113945	TCGA.BR.8366.01A
-820.767944379067	184.708417939389	-636.059526439678	TCGA.VQ.AA6G.01A
692.071490464662	1434.24234576215	2126.31383622681	TCGA.CG.4465.01A
-832.283629945379	535.855577765356	-296.428052180023	TCGA.HU.A4H5.01A
574.318464388617	1841.71929369709	2416.03775808571	TCGA.CG.4437.01A
-1009.91664901728	579.722295718505	-430.194353298776	TCGA.HF.A5NB.01A
1341.84580726046	1346.9080626187	2688.75386987916	TCGA.BR.8365.01A
-409.152278990347	617.718820088343	208.566541097997	TCGA.CD.8527.01A
-515.19684680698	858.985283993224	343.788437186244	TCGA.D7.A6F0.01A
1306.7129694809	727.148939034069	2033.86190851497	TCGA.BR.7957.01A
-694.35051425627	1522.3282750558	827.977760799531	TCGA.IN.AB1X.01A
-269.635932825343	7.55558291028276	-262.080349915061	TCGA.BR.8678.01A
-912.303385374308	45.7186353625471	-866.584750011761	TCGA.D7.6528.01A
594.340854585843	3086.92427671904	3681.26513130488	TCGA.BR.7715.11A
-73.9091704225733	1151.85349687704	1077.94432645446	TCGA.HU.8238.01A
809.130548608402	658.723528192074	1467.85407680048	TCGA.BR.8367.01A
1276.5950323659	1802.43441387311	3079.02944623901	TCGA.BR.7196.01A
141.287008333156	393.526128211592	534.813136544748	TCGA.FP.7829.01A
560.233780230514	591.2553473369	1151.48912756741	TCGA.B7.A5TN.01A
-899.446063390807	-403.868073677941	-1303.31413706875	TCGA.CG.5725.01A
838.810600325745	1911.76781443706	2750.5784147628	TCGA.CG.4305.01A
262.711229819571	1370.9173735115	1633.62860333107	TCGA.BR.6455.01A
53.177078008089	1687.94362349606	1741.12070150415	TCGA.BR.6802.01A
1084.24372542961	2509.21540021613	3593.45912564574	TCGA.BR.6709.01A
1022.78481856654	2384.74305105914	3407.52786962567	TCGA.B7.A5TK.01A
-245.838030723299	531.095480796276	285.257450072977	TCGA.CD.A4MH.01A
-323.398505085969	566.930345274882	243.531840188914	TCGA.BR.6710.01A
490.404747457553	1161.69572241465	1652.1004698722	TCGA.CD.A4MG.01A
1877.65304355077	2944.08287151607	4821.73591506684	TCGA.D7.6522.01A
1432.41296753872	1730.47941469195	3162.89238223067	TCGA.BR.4201.01A
1632.60418505195	2485.36977433819	4117.97395939014	TCGA.FP.8209.01A
1550.84761188597	2441.7998439147	3992.64745580067	TCGA.FP.8210.01A
639.855602452033	2265.25340457738	2905.10900702941	TCGA.HU.8604.01A
866.98505908794	1292.29688760201	2159.28194668995	TCGA.CG.4301.01A
536.096181848034	2368.77773950026	2904.87392134829	TCGA.RD.A8N1.01A
68.9358232266559	131.219797389452	200.155620616108	TCGA.BR.A44U.01A
-190.915811126823	1151.72074729775	960.804936170925	TCGA.CG.4469.01A
-1102.52149417836	569.900903481334	-532.620590697025	TCGA.VQ.A8PH.01A
-5.75121434827229	632.192540358975	626.441326010703	TCGA.D7.8576.01A
-111.127450566231	772.131003810389	661.003553244158	TCGA.VQ.AA6K.01A
16.2038904801448	1669.25037461139	1685.45426509153	TCGA.HU.8602.01A
373.251065574539	1126.48335515211	1499.73442072665	TCGA.BR.8485.01A
-417.275701851397	22.4986478457561	-394.777054005641	TCGA.VQ.A8E7.01B
281.884762351191	3079.96942343923	3361.85418579042	TCGA.HU.A4GJ.01A
752.300928652611	2082.17041348532	2834.47134213793	TCGA.BR.8686.01A
-492.431318113238	2129.74896389238	1637.31764577914	TCGA.BR.8589.01A
-127.649836872895	71.7961488205573	-55.8536880523381	TCGA.RD.A8N6.01A
1243.18772123854	1581.83077886274	2825.01850010127	TCGA.D7.6524.01A
426.651966632457	2522.44903889979	2949.10100553224	TCGA.CG.5722.01A
-462.352451491936	818.120129123254	355.767677631319	TCGA.VQ.A8PE.01A
-714.209955710603	-437.474611351333	-1151.68456706194	TCGA.CD.8535.01A
-1817.13431707347	-542.361700399367	-2359.49601747284	TCGA.VQ.A91X.01A
1228.81475430385	1236.34297951266	2465.15773381651	TCGA.BR.A4J5.01A
932.704055771253	1415.5746049731	2348.27866074435	TCGA.ZQ.A9CR.01A
-72.7224704504342	725.483937920036	652.761467469602	TCGA.D7.6527.01A
310.601155426148	387.544994487091	698.146149913238	TCGA.BR.8289.01A
308.168580389658	2369.7538287937	2677.92240918336	TCGA.CG.5734.01A
701.721822168679	2047.19136107571	2748.91318324439	TCGA.R5.A805.01A
-211.802111977291	183.948591052439	-27.8535209248523	TCGA.3M.AB46.01A
542.030445706304	2817.67165612667	3359.70210183298	TCGA.BR.4253.01A
1302.98583958477	2333.0304091238	3636.01624870857	TCGA.BR.8058.01A
34.0125340061633	567.896635244346	601.90916925051	TCGA.VQ.A8P3.01A
-607.467559112257	562.70412104088	-44.7634380713775	TCGA.HU.A4H3.01A
-116.422594447837	928.701734583521	812.279140135684	TCGA.BR.4267.01A
316.980862029659	270.483148252072	587.464010281731	TCGA.VQ.A8E2.01A
1512.42665831327	2358.93002694577	3871.35668525903	TCGA.MX.A5UG.01A
-1139.01260042731	328.252078219436	-810.760522207874	TCGA.IN.A6RJ.01A
248.296038189707	1929.13676664347	2177.43280483318	TCGA.CG.5723.01A
-1377.66783947445	-265.495455306114	-1643.16329478057	TCGA.VQ.AA6D.01A
236.506773411911	1515.18281564953	1751.68958906144	TCGA.F1.6874.01A
39.2909977858583	2269.40749774332	2308.69849552918	TCGA.CG.5733.11A
731.309160315044	2429.01533454836	3160.3244948634	TCGA.VQ.A8PF.01A
-370.879076478657	1133.76103272573	762.881956247076	TCGA.BR.8361.01A
626.659615910558	1898.39407115263	2525.05368706319	TCGA.BR.8690.01A
-921.857880964725	996.5580521908	74.7001712260745	TCGA.HJ.7597.01A
-285.356318935979	1862.97575820746	1577.61943927148	TCGA.CG.5720.11A
360.315653822803	694.820300439092	1055.13595426189	TCGA.MX.A5UJ.01A
96.3829596806837	-47.9891537044759	48.3938059762078	TCGA.VQ.A91Q.01A
461.134271627492	1446.02167541268	1907.15594704018	TCGA.D7.5578.01A
-550.5126455711	1018.75202418044	468.239378609344	TCGA.SW.A7EB.01A
-794.347244479262	197.302314196759	-597.044930282504	TCGA.HU.A4GU.01A
1130.95874903533	1823.51114869417	2954.4698977295	TCGA.D7.6521.01A
-1375.06928357894	147.209282893148	-1227.86000068579	TCGA.IN.AB1V.01A
-386.783316806665	717.973565464244	331.190248657579	TCGA.HF.7134.01A
201.431960381291	741.749406108272	943.181366489562	TCGA.CD.A48C.01A
373.237157420702	1889.71492842977	2262.95208585048	TCGA.HU.8610.01A
488.660802153966	427.531061325504	916.19186347947	TCGA.BR.8373.01A
158.309789775525	254.712785297569	413.022575073093	TCGA.EQ.8122.01A
-56.0580808206721	1719.23765296626	1663.17957214559	TCGA.B7.5818.01A
29.6905363967539	1313.61817620129	1343.30871259804	TCGA.D7.A6F2.01A
223.072973129651	1995.48870671177	2218.56167984142	TCGA.RD.A7C1.01A
-139.323299047282	312.507313540073	173.184014492792	TCGA.CD.5799.01A
-512.547256126566	1025.78354103716	513.236284910596	TCGA.VQ.A91S.01A
1605.05886447444	3003.74312650011	4608.80199097456	TCGA.HU.A4GY.01A
400.663417884129	2520.88753432709	2921.55095221122	TCGA.HU.8608.01A
785.410245464183	1288.14030518662	2073.5505506508	TCGA.CD.A489.01A
682.810768245587	1652.6491338316	2335.45990207719	TCGA.BR.6566.01A
-1402.1632433525	-516.185945885974	-1918.34918923848	TCGA.IN.8663.11A
-31.620701500493	409.532246444098	377.911544943605	TCGA.BR.A4J6.01A
322.869721214829	977.993333612639	1300.86305482747	TCGA.BR.8286.01A
1143.60437578147	2172.4008770455	3316.00525282697	TCGA.CD.8529.01A
